0 -1 1 -4 -1 0 4 1 2 1 -6 0 -1 1 0
1 -5 6 -10 -6 -1 11 1 4 0 -6 2 -9 3 3
-2 -2 2 0 -1 0 0 -3 -1 4 1 2 -1 0 0
2 2 -2 0 1 0 1 4 3 -4 -5 -3 1 0 0
5 0 2 -5 -3 -1 5 1 0 -4 1 -1 -4 0 2
-5 -5 5 -4 -3 -1 4 -3 1 8 -4 4 -4 3 0
1 -1 0 1 -4 1 -1 -4 0 1 2 2 0 0 0
7 7 -6 5 4 1 -5 4 -1 -11 5 -6 5 -4 0
-3 -1 0 4 1 0 -4 -2 -2 2 6 2 0 0 0
5 5 -1 -3 2 -2 2 4 -2 -5 1 -4 -2 -1 2
0 -4 3 -4 -5 1 4 -3 2 3 -4 3 -2 1 0
-2 0 -1 5 0 1 -6 -4 -2 4 3 3 1 -1 0
-5 -2 -2 6 2 2 -5 -2 1 3 0 1 7 0 -4
-9 -10 5 1 -7 2 -1 -11 0 15 0 11 -3 3 -1
2 2 -2 0 1 0 0 3 1 -4 -1 -2 0 0 1
