36 14 17 32 8 6 1 12 76 85 49 18 57 2 2
33 16 16 30 6 4 2 10 72 84 47 19 57 1 1
28 15 15 27 6 4 1 9 64 77 43 18 53 1 2
19 12 11 19 5 1 1 5 43 55 28 14 39 1 1
25 10 11 20 6 4 1 8 49 55 30 13 38 1 1
26 14 15 27 4 5 0 11 63 77 44 15 51 3 3
31 16 16 28 7 2 2 8 66 79 42 19 55 1 1
15 6 8 16 2 2 0 5 37 41 26 7 26 1 1
40 12 17 33 7 7 2 13 81 83 51 16 54 1 1
35 12 17 32 6 6 1 12 76 82 50 15 53 2 2
24 8 11 21 4 4 1 8 51 54 33 10 35 1 1
30 14 13 25 7 2 2 7 61 70 38 18 49 0 0
32 14 16 28 7 3 2 8 68 77 44 18 53 0 2
29 15 15 27 7 5 1 10 64 78 42 18 54 2 3
32 14 17 28 7 3 2 8 68 77 44 18 53 0 3
